 # t-STEP 	 e 	 m
 0 	 -2.000000 	 -1.000000 	 -2.000000 	 1.000000 	 -0.003600 	 -0.002392
 1 	 -2.000000 	 -1.000000 	 -2.000000 	 1.000000 	 -0.003616 	 -0.002384
 2 	 -1.999968 	 -0.999992 	 -2.000000 	 1.000000 	 -0.003616 	 -0.002384
 3 	 -1.999968 	 -0.999992 	 -2.000000 	 1.000000 	 -0.003616 	 -0.002392
 4 	 -1.999968 	 -0.999992 	 -2.000000 	 1.000000 	 -0.003632 	 -0.002384
 5 	 -1.999968 	 -0.999992 	 -2.000000 	 1.000000 	 -0.003632 	 -0.002376
 6 	 -1.999968 	 -0.999992 	 -2.000000 	 1.000000 	 -0.003632 	 -0.002384
 7 	 -1.999968 	 -0.999992 	 -2.000000 	 1.000000 	 -0.003632 	 -0.002376
 8 	 -1.999968 	 -0.999992 	 -2.000000 	 1.000000 	 -0.003632 	 -0.002384
 9 	 -1.999968 	 -0.999992 	 -2.000000 	 1.000000 	 -0.003632 	 -0.002392
 10 	 -1.999968 	 -0.999992 	 -2.000000 	 1.000000 	 -0.003648 	 -0.002384
 12 	 -1.999968 	 -0.999992 	 -2.000000 	 1.000000 	 -0.003648 	 -0.002400
 14 	 -1.999968 	 -0.999992 	 -2.000000 	 1.000000 	 -0.003648 	 -0.002400
 16 	 -1.999936 	 -0.999984 	 -2.000000 	 1.000000 	 -0.003680 	 -0.002400
 18 	 -1.999936 	 -0.999984 	 -2.000000 	 1.000000 	 -0.003696 	 -0.002408
 20 	 -1.999936 	 -0.999984 	 -2.000000 	 1.000000 	 -0.003712 	 -0.002408
 23 	 -1.999936 	 -0.999984 	 -2.000000 	 1.000000 	 -0.003744 	 -0.002424
 26 	 -1.999936 	 -0.999984 	 -1.999968 	 0.999992 	 -0.003744 	 -0.002424
 29 	 -1.999936 	 -0.999984 	 -1.999936 	 0.999984 	 -0.003744 	 -0.002448
 32 	 -1.999936 	 -0.999984 	 -1.999936 	 0.999984 	 -0.003776 	 -0.002440
 36 	 -1.999936 	 -0.999984 	 -1.999936 	 0.999984 	 -0.003792 	 -0.002440
 40 	 -1.999936 	 -0.999984 	 -1.999936 	 0.999984 	 -0.003824 	 -0.002448
 45 	 -1.999904 	 -0.999976 	 -1.999936 	 0.999984 	 -0.003808 	 -0.002424
 50 	 -1.999904 	 -0.999976 	 -1.999936 	 0.999984 	 -0.003872 	 -0.002448
 56 	 -1.999904 	 -0.999976 	 -1.999936 	 0.999984 	 -0.003904 	 -0.002464
 62 	 -1.999904 	 -0.999976 	 -1.999936 	 0.999984 	 -0.003936 	 -0.002448
 69 	 -1.999872 	 -0.999968 	 -1.999904 	 0.999976 	 -0.003936 	 -0.002472
 76 	 -1.999872 	 -0.999968 	 -1.999904 	 0.999976 	 -0.003936 	 -0.002480
 84 	 -1.999872 	 -0.999968 	 -1.999904 	 0.999976 	 -0.003984 	 -0.002472
 93 	 -1.999872 	 -0.999968 	 -1.999904 	 0.999976 	 -0.003984 	 -0.002520
 103 	 -1.999840 	 -0.999960 	 -1.999904 	 0.999976 	 -0.004032 	 -0.002552
 114 	 -1.999808 	 -0.999952 	 -1.999904 	 0.999976 	 -0.004080 	 -0.002528
 126 	 -1.999808 	 -0.999952 	 -1.999904 	 0.999976 	 -0.004096 	 -0.002520
 139 	 -1.999808 	 -0.999952 	 -1.999872 	 0.999968 	 -0.004176 	 -0.002520
 153 	 -1.999808 	 -0.999952 	 -1.999872 	 0.999968 	 -0.004256 	 -0.002528
 169 	 -1.999776 	 -0.999944 	 -1.999840 	 0.999960 	 -0.004336 	 -0.002504
 186 	 -1.999744 	 -0.999936 	 -1.999808 	 0.999952 	 -0.004480 	 -0.002488
 205 	 -1.999680 	 -0.999920 	 -1.999776 	 0.999944 	 -0.004704 	 -0.002488
 226 	 -1.999648 	 -0.999912 	 -1.999776 	 0.999944 	 -0.004848 	 -0.002448
 249 	 -1.999648 	 -0.999912 	 -1.999744 	 0.999936 	 -0.004944 	 -0.002480
 274 	 -1.999648 	 -0.999912 	 -1.999680 	 0.999920 	 -0.004960 	 -0.002504
 302 	 -1.999616 	 -0.999904 	 -1.999680 	 0.999920 	 -0.005200 	 -0.002472
 333 	 -1.999584 	 -0.999896 	 -1.999648 	 0.999912 	 -0.005376 	 -0.002400
 367 	 -1.999520 	 -0.999880 	 -1.999584 	 0.999896 	 -0.005536 	 -0.002352
 404 	 -1.999520 	 -0.999880 	 -1.999520 	 0.999880 	 -0.005712 	 -0.002312
 445 	 -1.999488 	 -0.999872 	 -1.999424 	 0.999856 	 -0.005856 	 -0.002424
 490 	 -1.999408 	 -0.999848 	 -1.999264 	 0.999816 	 -0.006112 	 -0.002368
 540 	 -1.999344 	 -0.999832 	 -1.999232 	 0.999808 	 -0.006448 	 -0.002336
 595 	 -1.999280 	 -0.999816 	 -1.999200 	 0.999800 	 -0.006768 	 -0.002264
 655 	 -1.999216 	 -0.999800 	 -1.999168 	 0.999792 	 -0.007216 	 -0.002200
 721 	 -1.999088 	 -0.999768 	 -1.999168 	 0.999792 	 -0.007456 	 -0.002192
 794 	 -1.998864 	 -0.999712 	 -1.999104 	 0.999776 	 -0.007920 	 -0.002232
 874 	 -1.998800 	 -0.999696 	 -1.999008 	 0.999752 	 -0.008384 	 -0.002232
 962 	 -1.998736 	 -0.999680 	 -1.998912 	 0.999728 	 -0.009040 	 -0.002312
 1059 	 -1.998704 	 -0.999672 	 -1.998816 	 0.999704 	 -0.009680 	 -0.002296
 1165 	 -1.998576 	 -0.999640 	 -1.998656 	 0.999664 	 -0.010400 	 -0.002376
 1282 	 -1.998352 	 -0.999584 	 -1.998528 	 0.999632 	 -0.011008 	 -0.002328
 1411 	 -1.998256 	 -0.999560 	 -1.998336 	 0.999584 	 -0.011792 	 -0.002416
 1553 	 -1.998064 	 -0.999512 	 -1.998112 	 0.999528 	 -0.012512 	 -0.002432
 1709 	 -1.997872 	 -0.999464 	 -1.998016 	 0.999504 	 -0.013504 	 -0.002416
 1880 	 -1.997648 	 -0.999408 	 -1.997920 	 0.999480 	 -0.014400 	 -0.002560
 2069 	 -1.997392 	 -0.999344 	 -1.997728 	 0.999432 	 -0.015456 	 -0.002504
 2276 	 -1.997200 	 -0.999296 	 -1.997488 	 0.999368 	 -0.016656 	 -0.002576
 2504 	 -1.996976 	 -0.999240 	 -1.997264 	 0.999312 	 -0.017808 	 -0.002472
 2755 	 -1.996624 	 -0.999152 	 -1.997008 	 0.999248 	 -0.018752 	 -0.002584
 3031 	 -1.996256 	 -0.999056 	 -1.996720 	 0.999176 	 -0.020128 	 -0.002520
 3335 	 -1.995936 	 -0.998976 	 -1.996240 	 0.999056 	 -0.021920 	 -0.002488
 3669 	 -1.995536 	 -0.998872 	 -1.995792 	 0.998944 	 -0.023488 	 -0.002224
 4036 	 -1.995024 	 -0.998744 	 -1.995216 	 0.998800 	 -0.025472 	 -0.002336
 4440 	 -1.994448 	 -0.998600 	 -1.994784 	 0.998688 	 -0.027264 	 -0.002240
 4885 	 -1.993776 	 -0.998432 	 -1.994272 	 0.998560 	 -0.029792 	 -0.002200
 5374 	 -1.993360 	 -0.998328 	 -1.993568 	 0.998384 	 -0.032448 	 -0.002072
 5912 	 -1.992688 	 -0.998160 	 -1.992928 	 0.998224 	 -0.035152 	 -0.002232
 6504 	 -1.991808 	 -0.997936 	 -1.991968 	 0.997984 	 -0.038240 	 -0.002080
 7155 	 -1.991232 	 -0.997792 	 -1.991136 	 0.997776 	 -0.041824 	 -0.001888
 7871 	 -1.990080 	 -0.997504 	 -1.990240 	 0.997552 	 -0.045424 	 -0.001984
 8659 	 -1.989056 	 -0.997248 	 -1.989120 	 0.997272 	 -0.048864 	 -0.002144
 9525 	 -1.988048 	 -0.996992 	 -1.987968 	 0.996976 	 -0.052800 	 -0.002328
 10478 	 -1.986544 	 -0.996600 	 -1.986960 	 0.996720 	 -0.056688 	 -0.002352
 11526 	 -1.985328 	 -0.996280 	 -1.985568 	 0.996368 	 -0.060880 	 -0.002272
 12679 	 -1.984048 	 -0.995960 	 -1.984384 	 0.996064 	 -0.066320 	 -0.002296
 13947 	 -1.982720 	 -0.995624 	 -1.982944 	 0.995688 	 -0.072528 	 -0.002144
 15342 	 -1.981104 	 -0.995216 	 -1.981440 	 0.995296 	 -0.078448 	 -0.001872
 16877 	 -1.979472 	 -0.994784 	 -1.979520 	 0.994800 	 -0.084960 	 -0.002304
 18565 	 -1.977152 	 -0.994184 	 -1.977264 	 0.994216 	 -0.092160 	 -0.001856
 20422 	 -1.974960 	 -0.993624 	 -1.975024 	 0.993640 	 -0.100032 	 -0.001488
 22465 	 -1.972464 	 -0.992984 	 -1.972464 	 0.992976 	 -0.108832 	 -0.001904
 24712 	 -1.969984 	 -0.992336 	 -1.969504 	 0.992192 	 -0.118144 	 -0.001888
 27184 	 -1.967712 	 -0.991744 	 -1.966672 	 0.991440 	 -0.127520 	 -0.002088
 29903 	 -1.964848 	 -0.990984 	 -1.963472 	 0.990592 	 -0.137888 	 -0.002248
 32894 	 -1.961088 	 -0.989984 	 -1.959600 	 0.989552 	 -0.149536 	 -0.002328
 36184 	 -1.957616 	 -0.989064 	 -1.955568 	 0.988496 	 -0.162208 	 -0.002400
 39803 	 -1.953744 	 -0.988032 	 -1.951488 	 0.987392 	 -0.176032 	 -0.003400
 43784 	 -1.948912 	 -0.986720 	 -1.946496 	 0.986064 	 -0.190864 	 -0.003696
 48163 	 -1.943456 	 -0.985272 	 -1.941152 	 0.984584 	 -0.205696 	 -0.003432
 52980 	 -1.937808 	 -0.983744 	 -1.935008 	 0.982952 	 -0.221824 	 -0.004016
 58279 	 -1.931664 	 -0.982120 	 -1.929728 	 0.981464 	 -0.239312 	 -0.003536
 64107 	 -1.926240 	 -0.980608 	 -1.923440 	 0.979792 	 -0.257760 	 -0.003368
 70518 	 -1.919632 	 -0.978808 	 -1.916912 	 0.977984 	 -0.276240 	 -0.003392
 77570 	 -1.912576 	 -0.976840 	 -1.910384 	 0.976136 	 -0.295456 	 -0.003056
 85328 	 -1.903808 	 -0.974400 	 -1.902160 	 0.973816 	 -0.317328 	 -0.002856
 93861 	 -1.895088 	 -0.971920 	 -1.894032 	 0.971512 	 -0.338400 	 -0.002952
 103248 	 -1.886064 	 -0.969352 	 -1.885152 	 0.968952 	 -0.360880 	 -0.002536
 113573 	 -1.876944 	 -0.966616 	 -1.876880 	 0.966568 	 -0.383904 	 -0.002104
 124931 	 -1.867840 	 -0.963984 	 -1.867008 	 0.963720 	 -0.407584 	 -0.002176
 137425 	 -1.856336 	 -0.960656 	 -1.855472 	 0.960288 	 -0.430608 	 -0.001680
 151168 	 -1.844576 	 -0.957184 	 -1.842912 	 0.956392 	 -0.453792 	 -0.002640
 166285 	 -1.831024 	 -0.953176 	 -1.830512 	 0.952608 	 -0.479600 	 -0.002360
 182914 	 -1.818032 	 -0.949040 	 -1.817424 	 0.948656 	 -0.505936 	 -0.002544
 201206 	 -1.804768 	 -0.944856 	 -1.804880 	 0.944608 	 -0.532800 	 -0.001064
 221327 	 -1.789184 	 -0.939576 	 -1.790128 	 0.939920 	 -0.558736 	 -0.001512
 243460 	 -1.773968 	 -0.934464 	 -1.774112 	 0.934760 	 -0.586848 	 -0.002496
 267807 	 -1.755312 	 -0.928128 	 -1.759408 	 0.929680 	 -0.612640 	 -0.001888
 294588 	 -1.736176 	 -0.921752 	 -1.743616 	 0.924320 	 -0.638816 	 -0.002120
 324047 	 -1.718592 	 -0.915528 	 -1.724976 	 0.917696 	 -0.663520 	 -0.002920
 356452 	 -1.699712 	 -0.908512 	 -1.707968 	 0.911160 	 -0.689392 	 -0.002008
 392098 	 -1.679904 	 -0.900728 	 -1.689008 	 0.904176 	 -0.713344 	 -0.003024
 431308 	 -1.663264 	 -0.894016 	 -1.670512 	 0.896544 	 -0.737120 	 -0.004032
 474439 	 -1.646896 	 -0.887200 	 -1.651424 	 0.889528 	 -0.758176 	 -0.005024
 521883 	 -1.627152 	 -0.878944 	 -1.633504 	 0.882432 	 -0.782464 	 -0.005192
 574072 	 -1.608064 	 -0.871808 	 -1.614416 	 0.874464 	 -0.802832 	 -0.007104
 631480 	 -1.591024 	 -0.864632 	 -1.592528 	 0.864856 	 -0.823712 	 -0.008040
 694629 	 -1.573088 	 -0.855872 	 -1.574272 	 0.856760 	 -0.844512 	 -0.008472
 764092 	 -1.554896 	 -0.847472 	 -1.556496 	 0.848072 	 -0.861312 	 -0.009032
 840502 	 -1.538048 	 -0.839632 	 -1.538608 	 0.838808 	 -0.883760 	 -0.009496
 924553 	 -1.519584 	 -0.829040 	 -1.517536 	 0.828992 	 -0.895536 	 -0.008920
 1017009 	 -1.499936 	 -0.817456 	 -1.497968 	 0.818592 	 -0.913328 	 -0.008176
 1118710 	 -1.483488 	 -0.808760 	 -1.479568 	 0.808400 	 -0.928192 	 -0.006288
 1230582 	 -1.464896 	 -0.798256 	 -1.454816 	 0.795504 	 -0.939520 	 -0.004496
 1353641 	 -1.446128 	 -0.788400 	 -1.440336 	 0.786432 	 -0.959536 	 -0.004384
 1489006 	 -1.430928 	 -0.777496 	 -1.419728 	 0.773584 	 -0.976640 	 -0.005896
 1637907 	 -1.416096 	 -0.767280 	 -1.408352 	 0.764736 	 -0.991808 	 -0.008632
 1801698 	 -1.400688 	 -0.755752 	 -1.393104 	 0.754072 	 -1.001408 	 -0.008128
 1981868 	 -1.376912 	 -0.740936 	 -1.371504 	 0.739736 	 -1.005728 	 -0.009040
 2180055 	 -1.359104 	 -0.727032 	 -1.360608 	 0.727536 	 -1.019136 	 -0.010240
 2398061 	 -1.348832 	 -0.716888 	 -1.348112 	 0.716920 	 -1.026272 	 -0.011384
 2637868 	 -1.338160 	 -0.704576 	 -1.333968 	 0.703056 	 -1.033456 	 -0.006448
 2901655 	 -1.324192 	 -0.693304 	 -1.325712 	 0.689376 	 -1.043248 	 -0.007184
 3191821 	 -1.314784 	 -0.681840 	 -1.306624 	 0.676248 	 -1.053024 	 -0.006392
 3511004 	 -1.297248 	 -0.666216 	 -1.293680 	 0.662232 	 -1.057344 	 -0.006464
 3862105 	 -1.279472 	 -0.648512 	 -1.278784 	 0.645488 	 -1.062672 	 -0.004840
 4248316 	 -1.264224 	 -0.631392 	 -1.263856 	 0.629344 	 -1.069024 	 -0.006696
 4673148 	 -1.255552 	 -0.613248 	 -1.256368 	 0.616224 	 -1.076752 	 -0.006112
 5140463 	 -1.238240 	 -0.595896 	 -1.249520 	 0.602816 	 -1.080528 	 -0.006680
 5654510 	 -1.233808 	 -0.582792 	 -1.236880 	 0.587800 	 -1.089952 	 -0.006088
 6219962 	 -1.220912 	 -0.566136 	 -1.228112 	 0.570480 	 -1.083088 	 -0.005728
 6841959 	 -1.218448 	 -0.551632 	 -1.211792 	 0.550472 	 -1.081824 	 -0.008032
 7526155 	 -1.207712 	 -0.539464 	 -1.208656 	 0.536944 	 -1.083264 	 -0.006936
 8278771 	 -1.197920 	 -0.518248 	 -1.195200 	 0.516176 	 -1.097104 	 -0.014352
 9106649 	 -1.190800 	 -0.504144 	 -1.194432 	 0.502840 	 -1.096640 	 -0.011056
 10017314 	 -1.190736 	 -0.491776 	 -1.185216 	 0.485960 	 -1.096304 	 -0.013080
 11019046 	 -1.175056 	 -0.473672 	 -1.178128 	 0.467376 	 -1.103040 	 -0.011712
 12120951 	 -1.174560 	 -0.446448 	 -1.170224 	 0.449856 	 -1.101792 	 -0.012792
 13333047 	 -1.161280 	 -0.425744 	 -1.171920 	 0.425896 	 -1.100304 	 -0.018408
 14666352 	 -1.159472 	 -0.402672 	 -1.161296 	 0.408696 	 -1.100848 	 -0.011904
 16132988 	 -1.155280 	 -0.390592 	 -1.161984 	 0.388648 	 -1.095536 	 -0.021872
 17746287 	 -1.150128 	 -0.364544 	 -1.145456 	 0.366664 	 -1.100784 	 -0.026896
 19520916 	 -1.144352 	 -0.340408 	 -1.138448 	 0.337408 	 -1.105056 	 -0.006088
 21473008 	 -1.136832 	 -0.309384 	 -1.141584 	 0.317392 	 -1.107744 	 -0.011136
 23620309 	 -1.128320 	 -0.272072 	 -1.137520 	 0.289496 	 -1.106912 	 -0.012440
 25982340 	 -1.115152 	 -0.252632 	 -1.119760 	 0.256896 	 -1.099104 	 -0.001920
 28580575 	 -1.123344 	 -0.227744 	 -1.117104 	 0.228256 	 -1.101200 	 -0.010616
 31438633 	 -1.117536 	 -0.200240 	 -1.118000 	 0.195584 	 -1.113840 	 -0.015712
 34582497 	 -1.120400 	 -0.170272 	 -1.115552 	 0.180584 	 -1.102768 	 -0.013048
 38040747 	 -1.114768 	 -0.158088 	 -1.100848 	 0.149544 	 -1.113712 	 -0.004704
 41844822 	 -1.114352 	 -0.137928 	 -1.107872 	 0.129096 	 -1.109264 	 -0.009208
 46029305 	 -1.103456 	 -0.117560 	 -1.111728 	 0.107400 	 -1.103664 	 -0.009312
 50632236 	 -1.105376 	 -0.099712 	 -1.115728 	 0.103104 	 -1.102272 	 0.007288
 55695460 	 -1.111072 	 -0.081656 	 -1.106064 	 0.078392 	 -1.105184 	 0.006840
 61265007 	 -1.112800 	 -0.064504 	 -1.111744 	 0.064192 	 -1.097680 	 0.007632
 67391508 	 -1.108352 	 -0.048000 	 -1.112336 	 0.062568 	 -1.104160 	 -0.014768
 74130659 	 -1.111280 	 -0.045272 	 -1.100432 	 0.029760 	 -1.106816 	 -0.003560
 81543725 	 -1.102176 	 -0.014880 	 -1.106128 	 0.023136 	 -1.103408 	 -0.021776
 89698098 	 -1.101472 	 -0.023784 	 -1.106304 	 0.039440 	 -1.106112 	 -0.010176
 98667908 	 -1.101888 	 -0.009088 	 -1.105360 	 0.036672 	 -1.101776 	 -0.007536
 108534699 	 -1.106288 	 -0.011536 	 -1.106544 	 0.047976 	 -1.107696 	 -0.029192
 119388169 	 -1.107568 	 0.000816 	 -1.110208 	 0.043000 	 -1.113328 	 -0.039456
 131326986 	 -1.108176 	 -0.008624 	 -1.102416 	 0.018736 	 -1.105520 	 -0.011880
 144459685 	 -1.107424 	 -0.023520 	 -1.104912 	 0.019848 	 -1.100480 	 -0.011256
 158905654 	 -1.107312 	 -0.018384 	 -1.105712 	 0.002888 	 -1.099904 	 -0.012704
 174796220 	 -1.115760 	 0.000144 	 -1.103600 	 0.005536 	 -1.099824 	 -0.000696
 192275843 	 -1.105648 	 -0.006344 	 -1.113344 	 -0.000584 	 -1.110688 	 -0.006072
 211503428 	 -1.103648 	 -0.006720 	 -1.109808 	 -0.039048 	 -1.105344 	 0.014024
 232653771 	 -1.105808 	 0.027200 	 -1.110208 	 -0.005816 	 -1.102400 	 0.005440
 255919149 	 -1.106688 	 0.018448 	 -1.105632 	 0.007280 	 -1.098736 	 0.004608
 281511064 	 -1.107904 	 0.023208 	 -1.104352 	 0.020536 	 -1.111136 	 0.008064
 309662171 	 -1.109600 	 0.022744 	 -1.106608 	 0.024064 	 -1.106976 	 0.005096
 340628389 	 -1.107168 	 -0.016368 	 -1.116816 	 0.009216 	 -1.109344 	 -0.014288
 374691228 	 -1.109136 	 0.022992 	 -1.109280 	 0.011224 	 -1.109856 	 0.015512
 412160351 	 -1.103296 	 0.006824 	 -1.103392 	 -0.000576 	 -1.109616 	 0.019840
 453376387 	 -1.106768 	 0.007952 	 -1.110144 	 0.021072 	 -1.097568 	 0.003040
 498714026 	 -1.106032 	 -0.014432 	 -1.103712 	 -0.000576 	 -1.105360 	 -0.007400
 548585429 	 -1.103632 	 -0.011104 	 -1.110752 	 -0.005312 	 -1.105888 	 0.004048
 603443972 	 -1.101520 	 0.002224 	 -1.106128 	 0.010352 	 -1.108368 	 0.004456
 663788370 	 -1.108768 	 -0.006136 	 -1.107600 	 0.006376 	 -1.103264 	 -0.009992
 730167208 	 -1.111584 	 0.006480 	 -1.101808 	 0.037528 	 -1.104720 	 -0.018784
 803183929 	 -1.107232 	 0.016312 	 -1.098816 	 0.022464 	 -1.111312 	 0.008632
 883502322 	 -1.099408 	 0.031152 	 -1.102400 	 0.008744 	 -1.109904 	 0.005904
 971852555 	 -1.108032 	 0.004824 	 -1.100320 	 0.014568 	 -1.099808 	 0.004104
